# Created by Octave 4.0.0, Sat Apr 30 08:56:41 2016 COT <smonsalve@Urso.local>
# name: a
# type: matrix
# rows: 3
# columns: 3
 1 2 3
 4 5 6
 7 8 9


